## CL-specific finetuning results

@LANG = DE
-----------------------------------------------------------------------
           |   Proj+Cl    |    CCA+Cl    |     Delex    |  Supervised
   size    |--------------|--------------|--------------|--------------
           |  UAS     LAS |  UAS     LAS |  UAS     LAS |  UAS     LAS
-----------------------------------------------------------------------
     0     | 60.35  51.54 | 60.66  51.29 | 57.01  47.12 |   .00    .00
   100     | 68.91  61.54 | 69.85  62.73 | 63.79  54.65 | 48.53  40.56
   200     | 71.74  64.59 | 71.22  64.59 | 64.74  55.46 | 55.58  47.99
   299     | 72.48  65.66 | 72.30  65.71 | 64.98  55.61 | 60.74  52.83
   400     | 73.31  66.62 | 72.77  66.52 | 65.14  55.73 | 63.91  56.65
   500     | 72.86  66.29 | 73.06  66.71 | 65.31  56.03 | 64.85  57.84
   600     | 73.15  66.56 | 73.18  66.79 | 65.30  55.79 | 66.00  58.96
   700     | 74.31  67.93 | 74.22  67.72 | 65.91  56.91 | 65.68  58.98
   800     | 75.00  68.41 | 74.39  68.03 | 66.77  57.33 | 68.47  61.77
   900     | 75.26  68.94 | 74.64  68.44 | 67.22  58.01 | 67.76  61.42
 1,000     | 75.41  69.21 | 74.96  69.00 | 67.08  57.83 | 69.12  62.86
-----------------------------------------------------------------------
CL-PROJ+Cl | 60.35  51.54
--------------------------
McD13(all) | 74.86  64.84
--------------------------

@LANG = ES
-----------------------------------------------------------------------
           |   Proj+Cl    |    CCA+Cl    |     Delex    |  Supervised
   size    |--------------|--------------|--------------|--------------
           |  UAS     LAS |  UAS     LAS |  UAS     LAS |  UAS     LAS
-----------------------------------------------------------------------
     0     | 71.90  62.28 | 71.33  61.69 | 68.05  56.99 |   .00    .00
   100     | 75.85  69.79 | 77.08  71.14 | 71.48  61.44 | 65.46  56.14
   200     | 77.94  71.96 | 78.11  72.58 | 72.25  62.08 | 71.06  63.39
   300     | 77.62  72.47 | 79.45  74.09 | 71.67  62.23 | 72.71  66.00
   400     | 78.81  73.77 | 79.91  74.72 | 72.65  63.43 | 74.73  68.70
   500     | 79.27  74.22 | 80.29  75.26 | 73.93  64.43 | 76.38  70.58
   600     | 79.61  74.42 | 80.34  75.42 | 73.44  64.52 | 76.77  71.10
   700     | 80.28  75.35 | 80.90  76.15 | 73.89  64.89 | 76.81  71.67
   800     | 80.40  75.43 | 80.93  76.07 | 74.20  65.37 | 77.71  72.36
   900     | 80.21  75.30 | 80.76  75.76 | 74.05  65.07 | 77.38  72.00
 1,000     | 81.21  76.30 | 81.79  76.95 | 74.89  66.09 | 77.22  71.93
-----------------------------------------------------------------------
CL-PROJ+Cl | 71.90  62.28
--------------------------
McD13(all) | 78.46  70.29
--------------------------

@LANG = FR
-----------------------------------------------------------------------
           |   Proj+Cl    |    CCA+Cl    |     Delex    |  Supervised
   size    |--------------|--------------|--------------|--------------
           |  UAS     LAS |  UAS     LAS |  UAS     LAS |  UAS     LAS
-----------------------------------------------------------------------
     0     | 72.93  63.12 | 70.87  61.50 | 68.85  57.78 |   .00    .00
   100     | 77.30  71.15 | 77.94  71.99 | 71.98  61.27 | 65.04  55.30
   200     | 78.40  72.09 | 78.75  73.13 | 72.51  61.48 | 70.09  61.25
   300     | 78.93  72.98 | 79.81  74.37 | 73.17  63.00 | 73.53  66.13
   400     | 79.80  74.22 | 81.00  75.43 | 73.13  63.17 | 74.97  65.19
   500     | 80.14  74.39 | 81.08  75.88 | 73.76  63.95 | 75.53  65.65
   600     | 80.57  74.98 | 81.30  75.97 | 74.32  64.69 | 76.60  66.95
   700     | 80.35  74.75 | 81.92  75.68 | 74.88  65.12 | 77.00  67.17
   800     | 80.93  75.68 | 80.98  75.78 | 74.93  65.68 | 77.54  68.03
   900     | 81.06  75.50 | 81.39  76.31 | 74.49  65.43 | 77.88  68.54
 1,000     | 81.43  76.12 | 81.41  76.42 | 74.97  65.68 | 78.67  69.27
-----------------------------------------------------------------------
CL-PROJ+Cl | 72.93  63.12
--------------------------
McD13(all) | 78.46  70.29
--------------------------


